-1.59966074531	-0.905506063162
-1.6208753624	-2.48978673517
3.21696001489	3.20965629797
0.238045358491	2.65020939985
-1.29522468609	-0.821104401738
0.186873659579	-2.3939974606
-1.25054651946	-2.48630136447
0.351743915012	-3.31302638782
1.46975765425	2.68508340272
1.94671113682	3.1715527314
2.14347455576	1.6129313035
0.907592056148	1.31556087355
3.08796143126	0.110844162452
-0.426850011465	2.12445674143
-1.31935524077	-1.81264485946
-0.570230952063	0.472531822595
0.50756988355	-0.80960932393
0.768197535055	2.6650286135
0.872872667079	-0.712883329889
0.812496614693	-0.220806154316
