-0.77875346437	0.84729305973	-0.087212216248	-0.593951708896	0.237156030515	0.297195002238	0.747814322523	0.977003187589	0.625122309598	0.452554172315	-0.966678826638	-0.293200337936	0.588847573059	-0.68414129907	-0.216074316539	0.891388164954	-0.721286630917	0.561511374323	-0.337903488615	0.901356072982
-0.640851141367	0.584654650314	-0.389885830295	-0.270014945822	0.228543324243	0.350591138179	1.05551599214	-0.198205173591	1.04100476346	-0.710682523905	-0.152706352072	-0.480151909059	-0.992438826755	-0.0850060744433	0.28575653745	0.55301909768	-0.610417239434	-0.892021739451	-0.517776166404	-0.413620431922
-0.692282502938	-0.602736695255	-0.256016490629	-0.0689947659005	0.350620839771	0.000453278263603	-0.541052142744	-0.846191518812	1.0078378232	0.894809395543	-0.340404626428	0.942410671308	-0.672613908606	0.864288520813	0.531755013497	-0.675340072648	-0.561475318492	0.215269819291	-0.199368374477	0.0825967336205
1.05039212065	-0.675029540196	0.757487991853	-0.950256708593	0.872716030158	-0.863406803934	0.116142710537	-0.739360529324	-1.06253664266	-0.147421279779	0.625339716919	-0.932717891159	0.625938154499	-0.175432389563	0.537007098447	-0.582000068417	0.0115605581298	0.420825539639	0.203271554813	-0.194511579978
0.52871820233	0.850884774773	-0.13912926298	-1.03840950405	0.657624745873	0.959417589864	0.174687744606	0.71422163679	-0.671424476224	-0.809820571451	-0.854900910183	0.648686241512	0.807838969014	0.994752114367	-0.860625978604	-0.897443856012	-1.02374689258	-0.383418458428	-0.660756704302	0.812584653631
0.713587613149	0.156888527638	0.590231214069	0.693959941281	-0.0187755030085	-0.0812846730786	0.00710136804941	-0.267192954554	0.543597903832	0.862817682494	-0.776629102519	0.408585495356	-0.66673716254	-0.15948951907	0.796649211414	0.847870736663	0.542300946758	-1.00679068846	-0.876184354251	-0.513672747451
-0.645855652328	0.463310251967	-0.737759588103	0.768850755667	-0.999139968004	0.413866217146	-0.31530828182	-0.645330885486	-0.472158271298	-0.457067366208	0.479482151311	0.892460239186	0.663629414733	0.37068471987	0.733961165419	-0.354476984085	-0.93452489204	0.030935278224	0.552076460633	-0.823796586972
-0.302881038735	0.296217584906	0.529054069197	1.06827599584	-0.122251428652	0.477533438702	-0.15390790936	0.995200600652	-0.248116192635	1.05217807256	0.60960392815	0.785381684408	-0.85268074859	-0.649778794431	-0.674022070791	-0.36268881744	0.488533722809	0.571859488424	-0.129261800528	0.128022831165
0.987995546424	-0.580399122715	-0.550085467635	0.94442144851	0.890585831681	-0.144422022647	-0.615304204399	-0.97000047308	-0.456530144376	-0.467861985756	-0.735286671503	0.314165129744	-0.124305075769	0.67424959015	-0.290136951406	0.131421075149	-0.307500874527	1.03736341263	1.05927306577	0.728411113366
0.534134298371	-0.916304672382	-0.398948477881	-0.104310794683	-0.853217147693	-0.302584852433	0.594311089738	-0.358554664549	0.645405128708	-0.47554781891	0.531229670434	-0.652799884106	0.512092648913	0.992030662983	-0.337991706299	0.459417017771	0.231479991139	0.830755394119	-0.732788250804	0.753851576815
-0.232372152608	0.0354647856987	0.0119420728439	-0.674954819926	0.207653653727	-0.456495008691	0.731855465149	-0.642845385672	0.937594289657	0.693003475166	0.574704882409	0.0169512697443	-0.382561494584	-0.79533054579	-0.541237308856	0.548970740186	0.750695806743	-0.0208002892286	0.234332368628	-0.666891687857
0.774480779902	-0.423373711666	-0.773575769228	-0.542921842253	-0.539376835077	-0.990925827496	-0.307386907582	0.0316804020106	0.56050308624	-0.80455739693	0.208140026395	-0.375920952322	0.700117957829	0.462002842667	-0.795412581133	-0.858276147325	-1.05891855954	0.914232286309	1.01063381082	-0.699378884281
-0.325363224728	-1.02037874141	-0.871723530516	-0.934312713781	0.737942772704	-0.299368496058	0.66965301773	-0.567560849568	0.473213749083	0.447909584704	-0.726027920943	-0.14001715457	-0.195471807911	0.0750973065039	-0.00286104236697	0.743538205255	0.72355491564	0.690955788158	-0.353997940894	-0.971934140229
-0.137584785172	0.73308654249	0.942466546442	-0.371493474153	-0.381510359517	-0.985241209208	-0.185141290255	0.00701951199414	-0.955644972178	0.619305453049	0.630528471098	0.13373671231	-0.342204686233	0.629108447491	0.0190147762839	0.319567650079	0.777820346738	-0.516930642218	-0.733878660254	-0.272626635349
0.988901866059	0.528167611818	-0.894363497434	0.354944364479	-0.417447962099	-1.01150622196	0.930920618034	0.294450028815	0.273019659608	-0.829316196252	-0.0647808197851	0.512759831987	0.454233783738	-0.0386017392505	-0.643076959582	0.803925483652	-0.268413776288	0.703936248416	-0.943093843977	0.0840547200747
0.108591757407	0.312106811032	0.408081549944	0.857383723715	-0.968957550085	0.519579351478	0.887643302609	0.807012158662	-0.819572640483	0.211667330383	0.609483732278	0.835121984831	-0.657761420173	0.720870606274	-0.741858886375	-0.794026597472	-0.759895084528	-0.33317198627	1.05776933631	-0.856413459797
-0.595910964548	-1.03385520387	0.732281565576	0.216639775664	-0.34181227876	-0.566639415211	-1.01039581486	-0.359081196108	0.640935111281	0.712769421505	0.73242105815	0.376757144235	0.378235050908	-0.399795686315	-0.56092081705	-0.678230504656	0.990930972771	0.317421490015	-0.3687406568	-0.377177915861
-0.232310946943	-0.135380437019	-0.786053735807	0.728747531583	-0.719234609603	-0.907789390356	-0.784943573169	0.484401391697	0.422337274268	0.361328385779	-0.87538801371	0.71493016541	-0.581568495129	0.961198532631	0.871394202943	-0.214369001885	0.720635441184	0.538044542787	0.511394647957	-0.912140491845
-0.566394481891	0.107611346133	-0.865310698146	0.974151623983	0.073989305208	0.177243817093	-0.523856886738	0.402651567984	0.927012423395	-0.737272694398	0.338619984989	-0.233147301732	0.291381205482	0.75342630153	-0.72477001458	-1.03015093534	0.471772524538	0.85688677631	0.783443981926	0.3531104816
-0.482639585404	-0.789608586957	-0.623361657179	-0.61073499243	-1.02121232811	-0.87405038837	-1.00856470955	-0.651379389199	0.789311501836	-0.0676613049316	0.367270859332	-0.490405662486	-0.733286487981	-0.377765729071	-0.484432060052	-0.0214627334473	1.02360596915	0.0400739266836	0.839839761092	0.938186554108
0.697352730673	-0.873801722115	0.210628508899	-0.876100746167	-0.700027225151	0.297973912141	0.00595524457258	-0.112390743551	0.628750505367	0.934323712171	0.350729626921	-0.736633431456	0.182160712006	-0.724862348678	0.853437937192	0.732712729662	-0.556378088521	0.646867389093	-0.393841957778	1.001786
0.614784931038	0.448006643426	-0.126498887887	0.602142891137	-0.862992353017	0.289476535777	0.383717794336	0.0704925301544	-0.0796532262695	0.405692935769	-0.331356171401	0.312228527125	0.844477993322	0.308417203901	-0.477193433838	1.0033426235	0.407520549677	0.678603785829	0.614864128114	0.675676304778
0.924856360675	-1.0235280732	0.414317184745	0.718339330157	-0.551999936371	0.254619931223	-0.0574815820464	0.874408387837	0.73832772772	0.429585438915	0.553598496955	0.55529997173	0.481944456557	0.54775468106	0.404393563162	-0.93285208849	-0.225046235915	0.0286593325267	-0.23271901132	-0.459651131647
0.433776914484	0.292478421032	0.690710352792	-0.31243313294	0.772391756777	-0.185203143521	-0.830135595761	-0.940527635313	1.00465447929	-0.256734954731	-0.0880058889348	0.384697985908	-0.403075380826	-0.0472493089685	-0.7700393735	0.585426731017	-0.507552301397	0.556724481595	0.387121547824	-0.042575384346
0.902833721388	0.38175326258	0.942013946616	0.752160645734	-0.0479993200088	0.427974472702	-0.996659322165	-0.0106346400547	1.04797060179	0.1161013196	-0.977653857486	0.0878089403962	0.645735430963	0.1302533431	0.121258693386	0.612444921632	0.0816589667254	0.811552267661	-0.207234160372	-0.915366709472
0.447575440548	-0.00469527728409	0.867867955642	0.0412408762336	-0.571848945659	0.188742190617	0.850252738537	0.841941969562	-1.05549688359	-0.166871528672	0.850980235454	-0.584282351885	0.974692280604	-0.2294810309	-0.610758687707	-0.845206240593	-0.891535108241	0.298108796155	-0.992053663878	-0.0607277405876
-0.0838526662285	0.169380036791	-0.560709861668	-1.03640247263	0.470740341641	0.806813587044	-0.0777198044784	-0.433038014438	-0.976992749203	-0.293353673374	-0.111851464584	0.253732353439	0.840504618317	0.468833448476	0.0323949326817	1.04421600001	0.574360143569	-0.0947110159273	-0.967951205914	0.809032026971
-1.0330894495	0.261211489591	-0.749358153126	0.789321579067	1.05860012843	-0.492604719653	-1.04229310051	-0.422349418118	0.827381402713	0.300032050208	0.433327971442	0.965470370066	-0.154326768899	1.0151381556	-0.459595568949	-0.708982603902	-0.0754277802561	-0.416434064146	-0.127482020596	0.27890405501
-0.284365639715	0.667988770698	0.5628813002	0.656290406845	0.0330193277619	0.168922361267	0.541516014052	0.801014260795	-0.203295922992	-0.415314190986	0.998446708076	0.841908319046	0.998459768002	-0.819046369502	-0.899934127896	0.589196902168	0.241204274348	-0.66262079438	0.2029172778	0.01409532957
0.948321102752	-0.702169200966	-0.196175306015	-0.355954327606	0.12773409016	0.704817836173	-0.985727725607	0.623529908968	0.593681281268	0.72356507475	0.193643964286	-0.216737024903	0.835944764435	-0.203401153457	0.466531386816	-0.0639218037157	-0.821910669935	0.185634785565	0.804410729827	-1.06808369105
-0.666774898001	0.36550548263	0.875101293434	0.245813364063	-0.820077379781	-0.965060368817	-0.813264113609	-0.0655669277767	0.879094626871	-0.223731904253	-0.254635678484	0.895583050562	0.444758137976	0.876040622628	0.948464748511	-0.0247191942661	0.0549510639414	-0.275880045248	-0.250974520741	1.01985966225
-0.898841233523	-0.54822836141	-0.429302757521	0.1588526675	0.362719421955	-0.0280598950297	-0.425240379096	0.61925791873	0.0311276489306	0.372333096673	0.899421320417	-0.0354194815983	-0.157546301269	-0.771111814518	-0.865901525533	-0.324114734267	0.758351823925	0.715803395689	0.558137250762	-0.325709796845
-1.038603805	-0.826119420183	0.0915240881643	0.214778786652	0.717472356695	0.981990390902	0.0508170039109	-1.00946976473	0.0922666401717	1.01989330192	-0.0592176679083	-0.776573529423	0.193055192491	-0.0805938512582	-0.0449687459518	0.480785449249	-0.0263749885171	0.550928832032	0.139992585481	-0.60205721945
-0.11465787393	-0.939142117178	-1.0456344684	-0.845335503932	0.138575825406	0.37293167686	0.565307931871	0.753873516533	-0.207938547152	0.612602987885	0.575291440346	1.05096303006	0.375994870587	-0.914558629308	-0.28778312464	0.641856098197	-0.734910152552	0.848327559142	1.0059013062	-0.374851179924
-0.253986748046	0.816173417475	0.258525086938	-0.0763764898548	0.105675625041	0.205306636546	-1.04315757127	-0.155480632239	1.02592124275	0.755070632637	0.237158691851	0.469714850377	-0.0857162853842	0.166615463461	-0.239530935812	-0.888387292676	-0.0888752311369	0.367511130443	-0.465852732606	-0.797207913463
-0.0694109317973	-1.02280880473	0.600074122341	-0.945066256621	0.50995150763	0.346710114209	0.908251352077	0.953514692665	0.853729267179	0.983763595963	0.453807241007	0.360175904264	0.7746820258	-0.39425998214	0.799352869081	-0.240184027565	-0.39984207358	0.866712985367	-0.423661101036	-0.93879919336
0.195651373615	0.137186181336	0.621172811481	-0.541310277756	0.69563198466	-0.516690527101	-0.983879218558	-0.803332796447	0.868114883833	0.223093256828	0.316436038156	0.739308225811	-0.508983165365	-0.976440391844	0.602643656203	0.225609060085	1.04269871541	-0.614576715549	-0.106019884369	1.04532285207
-0.0738766815989	0.0206634095405	0.460212253046	0.538259170622	0.562158257591	0.191572592808	0.771030257344	0.643468151332	0.603569705949	-0.832465599521	0.329771942747	0.0046114357596	0.108776353643	-0.0188805261952	0.418781152915	-0.815702666678	0.0675756502291	0.478323781562	-0.132596419336	0.606298178115
-1.06635714163	-0.447117090059	-0.336780748583	0.977575697511	-1.0546716754	-0.946451002759	0.569058347221	-0.669164826831	0.821770159848	0.466515965505	-0.133728085592	-0.358476822577	0.176278360729	-0.45066960355	1.01509055807	0.333611808904	-0.563280078239	0.208843044969	0.72552609926	1.06141235087
0.251948315369	-1.03196437105	-0.153508937095	0.262596340054	-0.608641374999	0.0822590266723	-0.663423622023	0.555938645927	-0.831827172295	0.626505506199	0.250280370117	-0.623739292837	-0.185719112425	0.131870539237	-0.464021753703	0.354384167081	0.599819827422	-0.42115798389	-0.602189371987	-0.62400747999
0.527958414657	0.901701442131	-0.617994149615	-0.458760961419	0.258774051275	-0.385557715019	-0.164328127883	-0.807055044263	-0.920227211276	-0.142740721373	-0.979389487327	0.207774984464	0.181130432801	0.273861407137	0.152777129072	0.861001697435	-0.979071724889	0.790141970944	1.03298877015	0.0847026123439
-0.548717638741	0.938793225758	0.457798717639	0.0614484003777	-0.0278807366438	-0.318241078966	0.59500722844	0.522643467895	0.544469078835	0.971552264885	0.779801373237	0.0126748649364	-0.231285099598	-0.395811221817	0.857042352551	-0.19665474224	-0.646015665885	-0.434291631871	-0.240666377462	-0.308409925373
-0.679687032165	0.000708330105071	1.03132644884	-0.493236492824	0.106438405967	0.975116111887	0.576750314852	0.216578716797	-0.47071994816	0.898421553882	0.714425976739	-0.814146070456	0.609972741056	-0.85001292937	-0.700274608767	-0.202292822017	0.860074237267	-0.170083435151	0.755221421226	0.398958938611
-0.870831509955	0.355075949676	0.421079509771	-0.622246493002	1.02120713372	0.0600563463798	-0.190188975863	-0.437680383785	-0.934340000113	-0.539155965722	0.757293666101	-0.918737648745	-0.522685284972	-0.167399596985	-0.81418898953	-0.0681800401358	-0.854408016471	0.1041632584	-0.480034587884	-0.44471414666
0.00584472307431	-0.341062137361	-0.352025203514	-0.842013252188	-0.799002359155	-0.854850601671	-1.00359231998	-0.134772124502	0.551002099514	-0.340746249002	-0.998696106815	-0.331634218007	0.689677755592	-1.05861932345	-1.03290167287	0.864425919332	0.376433888288	-0.721880893459	0.121139617803	0.908729716005
-0.733732846873	0.0505222074073	0.71238755926	0.925721595117	0.355605480763	0.0628933646725	0.944997861862	-0.892902761944	-0.0912802248291	-0.33931823745	-0.470482775932	-0.109326279242	0.756799223612	-0.74134117292	-0.35138524466	-0.363255347902	-0.248225114155	0.113476044388	0.00824630411395	-0.12869409556
0.409234404685	0.121624682014	0.416397720728	-0.458135506819	1.05543772051	-1.02354673509	-0.233392304457	-0.967743509503	0.0527597198724	0.611761176063	-0.134302956101	-0.29923174971	0.147100304303	-0.520167450731	-0.33263219906	0.257909779871	0.155606917485	-0.124776434159	-0.210947606573	0.506087645333
-0.961963192572	0.36869832389	-0.260069453342	0.790800590296	-1.04876438046	0.96535789852	-0.642949191384	-0.297581985286	-0.0465670282008	0.780733464882	0.564609362925	0.206554034851	0.829419945713	0.649010402178	0.695261305566	-0.0186553930105	-1.01741938648	1.04749348301	-0.486226807812	0.72301401918
-0.64149126258	0.241540471356	0.212455812502	0.246438232755	-0.932741198269	0.297348307611	-0.530145316632	-0.308743192841	0.109814051412	1.00149882915	-0.912999307818	0.406912708288	0.0574217529476	-0.610444545106	0.802647916938	0.355145758866	-0.150934252935	-0.463603805104	-0.860979862736	-0.574947437638
0.512094018052	0.965446535484	-0.645475473396	0.870160770021	-0.205044723788	-0.526673041261	0.599451765692	0.0332736683638	0.818602544617	-0.190282159046	0.403974100241	0.049441706092	0.253602076347	-0.947792448121	-0.133520780198	-0.67676722757	-1.04725375377	-0.020367132724	-0.286966968293	-1.02604053675
-0.888423018002	-0.478637433668	-0.583654741203	0.674128898157	0.0481100457539	0.0532730337259	0.852603191196	0.0333253114636	-0.508659348113	0.276988227254	0.253862015385	0.0968620794563	0.185697621347	-1.01050155035	-0.747582104114	-1.00896684669	-0.878461662444	0.672755763517	-0.858366463491	-0.41478427075
-0.111911850751	1.04552402312	0.772030977859	0.146850956568	0.240691850886	0.582704281433	1.02567520954	0.126389713762	-0.159281574825	-0.0687126193528	0.182196180822	-0.844662213558	-0.228466120358	0.914549532346	-0.979838992702	-0.502992592683	0.266946030604	-1.0001054028	-0.935960587554	-0.409933496813
0.127265560075	-0.368165084643	0.975029606737	0.0103827525938	0.772662651574	-0.204422745157	0.280467982149	0.623739161212	-0.455936050214	0.853009415543	0.785261392463	-0.863643158738	-0.635361209847	0.0325983812035	-0.387824160799	-0.852026816622	-0.375362075652	-0.327075762827	0.987466944941	-0.436349965937
1.03475740719	0.766744077585	0.305853230199	0.427795429296	0.503652031214	0.377929811777	0.1646532208	-0.706325641515	-0.471092599495	-0.536163034703	-1.01990467574	-0.815613698515	-0.860149377276	0.0663795178387	-0.413299091232	0.354529252859	-0.352636665076	-0.251678149581	-0.504728818442	0.729879736808
-0.613393864134	-0.77831649733	0.497102737309	-0.316723068961	-0.698942377285	0.323492574216	0.20539463186	-0.790728885442	0.257570325901	0.597668366331	-0.938309680306	-0.771058104744	-0.00944462243957	0.867755950299	1.0514218877	0.451601649067	-0.518201624116	-0.299677548856	0.23316508646	-0.393456246494
0.484390721685	-1.02166679873	-0.379458131591	0.904131183377	-0.460197323935	-0.227687952902	0.220155390874	-0.183930365266	-0.388734729372	0.20900300166	-0.644747691714	-0.408411485573	0.97602327711	0.128258391238	-0.809417314951	0.064726150696	-0.977931350741	0.919054751303	-0.0528123998318	-0.0434137201259
1.00810637665	0.0801462629521	-1.01073713977	0.659025781391	-0.649476621553	0.464758226768	0.258023570437	-0.461640892602	0.845926826411	0.140502743928	-1.00998901951	0.918674726268	-0.987282285052	-0.18893834725	0.466037196767	-0.928668946545	0.588065561582	0.942267996616	0.605237314843	0.226335818427
-0.36393526348	-0.620681244475	0.728878664677	0.608796895834	0.0863268045677	0.758721747956	0.635604712579	-0.196728122849	0.305364025723	-0.0884936839555	-0.336284756304	0.293730100741	0.355094202408	0.233781825241	-0.923995584918	0.0951538751012	0.171918295801	0.849697302846	0.679094913849	-0.244378256198
-0.332505931735	0.63412573225	0.746771570154	1.01361029102	0.268351337453	-0.39247529915	-0.304548153591	-0.0194189614962	-0.34464117913	0.406813508611	0.984058528658	0.79244189726	-0.0588731306611	0.990330315276	-0.764507644382	0.583982516016	0.436197780041	-0.496001985527	-0.989278203193	0.0787323051869
-0.859431529923	0.705154823339	-0.477572589326	0.0564447756008	0.0667195726684	0.0304613389978	0.0044676343597	0.155327413509	0.231150476835	1.02291047312	-0.441280535513	0.819905044531	-0.515894140272	1.03442117611	0.106464984003	0.738971464088	0.552545403357	1.06043542725	0.788591075915	-0.123119707916
0.4091569988	-0.546938717932	1.06259589765	0.218075425444	-0.624655844907	0.093674984147	-0.0019298787333	0.553355249208	0.689779301406	-0.585167517471	-1.05769451641	1.06814399097	-1.05280588963	-0.0690874032404	-0.538698481554	0.714950974433	0.140438465584	-0.423128964386	-0.21751502232	-0.447056626439
0.881245994309	0.919895865824	0.0144944228598	0.593273534608	-0.734326030859	0.223945335597	0.390985888145	-0.0809716478836	-0.881306741162	-0.049335084021	0.723782836347	0.348875341932	-0.287069730655	0.839843010707	1.02507371739	0.360467237671	0.436319130884	-0.656377115308	-0.219525694395	-0.992448119789
-0.807304521931	-0.35069824298	0.934757202056	-0.508670860781	-0.214267901629	-1.03114562245	-0.934517863552	0.0938836995008	0.275807790151	-0.0463908916547	-0.896042298115	-0.336955964987	-0.781326338069	-0.551861023181	0.325801303324	-0.715241059662	0.109071606047	-0.258988790403	-0.590169739622	1.0518988339
0.309649780634	-0.672135171839	-0.714875093005	1.00423985817	-0.768856472317	-0.124256444817	-0.654342106809	0.814664854505	0.782347443787	0.403582594239	0.0196298421663	0.602460816786	-0.143660835405	0.758622107589	0.784631825026	-0.167618794063	0.334013233678	-0.385050936735	0.492064380637	0.423467419539
